Load sum        2 K     4 K     8 K    16 K    32 K    64 K   128 K   256 K   512 K     1 M     2 M     4 M     8 M    16 M    32 M    64 M
       1    4754.15 4764.20 4599.95 4635.05 4654.62 4664.69 4669.89 4672.31 4673.00 4673.77 4674.06 4642.47 4374.01 4040.10 4029.36 4029.59
       2    6086.11 4607.45 4702.56 4575.14 4624.50 4647.96 4661.44 4645.58 4658.05 4656.98 4659.06 4583.80 3610.74 2788.42 2752.39 2752.75
       3    6301.73 4617.86 4771.36 4577.76 4631.69 4646.51 4661.75 4300.10 4267.30 4156.32 4153.10 4074.93 3002.03 2188.92 2160.62 2159.29
       4    6261.46 6502.49 4725.95 4797.16 4615.62 4575.10 4570.55 4091.30 4052.55 4012.65 4016.40 3557.51 2492.39 1742.97 1710.98 1710.75
       5    6188.41 6466.17 4709.61 4781.06 4600.39 4473.68 4453.42 3890.20 3730.88 3535.85 3540.78 3337.59 2131.04 1421.69 1391.50 1391.48
       6    6115.06 6432.81 4646.91 4773.37 4585.60 4218.51 4070.10 3175.38 3236.67 3021.82 3027.05 2898.78 1821.71 1201.31 1176.54 1176.29
       7    6075.11 6397.26 4613.58 4756.19 4572.80 3642.61 3626.17 2748.26 2839.93 2623.08 2625.06 2535.22 1564.14 1038.37 1016.71 1015.77
       8    6013.17 6369.39 6534.86 4729.65 4809.10 3334.78 2349.05 2351.27 2527.15 2318.19 2321.73 2248.83 1414.18  911.70  891.80  890.72
       9    5923.29 6328.29 6513.84 4701.30 4803.13 3395.82 3332.47 2518.38 2513.25 2303.72 2306.40 2227.41 1404.78  870.39  846.98  845.57
      10    5870.21 6299.45 6498.25 4716.39 4789.70 3398.00 3318.78 2627.49 2503.12 2291.55 2292.86 2203.98 1408.59  835.31  807.22  805.46
      11    5803.26 6259.01 6479.32 4668.13 4790.97 3403.08 3328.21 2644.71 2494.19 2280.42 2282.38 2187.29 1423.67  809.25  775.18  773.78
      12    5754.86 6225.06 6460.77 4653.51 4784.65 3411.87 3312.10 2646.45 2517.44 2270.24 2270.35 2164.18 1456.86  798.05  760.41  757.94
      13    5679.31 6193.75 6443.44 4678.67 4754.23 3395.99 3351.75 2690.79 2523.10 2264.82 2264.14 2156.96 1499.61  780.28  730.74  727.91
      14    5629.01 6159.03 6427.61 4620.23 4768.54 3299.01 3197.56 2715.46 2551.67 2261.86 2259.80 2148.52 1600.13  778.37  714.98  712.66
      15    5580.53 6127.24 6408.20 4621.49 4750.25 4287.45 3342.59 2762.70 2555.53 2261.31 2260.46 2146.83 1667.47  787.20  709.26  705.63
      16    5541.86 6097.52 6396.54 6529.52 4742.01 3416.74 3330.51 2445.48 2477.41 2271.41 2261.54 2131.36 1231.70  744.13  708.88  701.98
      32    4799.63 5623.45 6118.69 6398.15 6545.16 3389.13 3335.40 2440.11 2420.17 2237.27 2224.92 2038.29 1078.97  633.53  608.99  598.19
      64    4639.20 4861.38 5642.81 6122.80 6408.41 3374.16 3374.90 2560.87 2590.64 2432.74 2431.58 2060.87 1026.03  608.86  607.39  601.22
